0.010000	0.891191	0.022182	0.883284	0.115715	0.000996
0.020000	0.859121	0.039197	0.844485	0.152989	0.002504
0.030000	0.838634	0.054722	0.817798	0.177932	0.004218
0.040000	0.822792	0.069217	0.796153	0.197673	0.006075
0.050000	0.810557	0.083183	0.778364	0.213464	0.008012
0.060000	0.800756	0.096793	0.763193	0.226566	0.010005
0.070000	0.791987	0.109911	0.749274	0.238334	0.012062
0.080000	0.784328	0.122720	0.736627	0.248775	0.014160
0.090000	0.778133	0.135511	0.725503	0.257669	0.016266
0.100000	0.772362	0.148000	0.714954	0.265938	0.018408
0.110000	0.767222	0.160343	0.705129	0.273448	0.020566
0.120000	0.762675	0.172599	0.695973	0.280265	0.022735
0.130000	0.758699	0.184822	0.687440	0.286440	0.024908
0.140000	0.754555	0.196655	0.678911	0.292558	0.027117
0.150000	0.751222	0.208679	0.671167	0.297896	0.029307
0.160000	0.748176	0.220644	0.663766	0.302871	0.031500
0.170000	0.745391	0.232564	0.656677	0.307518	0.033695
0.180000	0.742843	0.244452	0.649870	0.311867	0.035891
0.190000	0.740511	0.256318	0.643321	0.315945	0.038085
0.200000	0.738378	0.268171	0.637006	0.319775	0.040277
0.210000	0.736426	0.280019	0.630908	0.323377	0.042466
0.220000	0.734643	0.291869	0.625007	0.326771	0.044650
0.230000	0.733015	0.303729	0.619289	0.329971	0.046830
0.240000	0.731532	0.315606	0.613741	0.332993	0.049004
0.250000	0.730184	0.327504	0.608350	0.335848	0.051172
0.260000	0.729175	0.339634	0.603248	0.338421	0.053319
0.270000	0.727960	0.351488	0.598063	0.341046	0.055480
0.280000	0.726921	0.363438	0.593051	0.343497	0.057630
0.290000	0.725992	0.375433	0.588161	0.345817	0.059772
0.300000	0.725212	0.387527	0.583416	0.347990	0.061902
0.310000	0.724527	0.399672	0.578776	0.350052	0.064024
0.320000	0.723827	0.411753	0.574171	0.352065	0.066145
0.330000	0.723186	0.423855	0.569646	0.353990	0.068258
0.340000	0.723176	0.436687	0.565536	0.355534	0.070323
0.350000	0.722779	0.449029	0.561230	0.357235	0.072413
0.360000	0.722481	0.461471	0.557018	0.358838	0.074491
0.370000	0.722272	0.474011	0.552891	0.360353	0.076558
0.380000	0.722156	0.486663	0.548848	0.361780	0.078614
0.390000	0.722092	0.499381	0.544864	0.363142	0.080661
0.400000	0.722115	0.512218	0.540956	0.364425	0.082696
0.410000	0.722091	0.524988	0.537051	0.365692	0.084729
0.420000	0.722607	0.538574	0.533453	0.366681	0.086718
0.430000	0.722753	0.551623	0.529685	0.367805	0.088727
0.440000	0.723001	0.564846	0.525994	0.368850	0.090723
0.450000	0.723269	0.578119	0.522336	0.369857	0.092712
0.460000	0.723709	0.591698	0.518782	0.370761	0.094681
0.470000	0.724208	0.605411	0.515275	0.371614	0.096640
0.480000	0.724769	0.619270	0.511816	0.372417	0.098588
0.490000	0.725392	0.633281	0.508401	0.373170	0.100525
0.500000	0.726077	0.647454	0.505030	0.373875	0.102450
0.510000	0.726824	0.661796	0.501701	0.374534	0.104365
0.520000	0.727584	0.676221	0.498392	0.375167	0.106271
0.530000	0.728355	0.690727	0.495100	0.375774	0.108170
0.540000	0.729213	0.705468	0.491859	0.376329	0.110055
0.550000	0.730654	0.721467	0.488862	0.376667	0.111894
0.560000	0.731673	0.736708	0.485703	0.377132	0.113754
0.570000	0.732769	0.752196	0.482583	0.377556	0.115602
0.580000	0.733940	0.767939	0.479499	0.377939	0.117438
0.590000	0.735184	0.783945	0.476450	0.378283	0.119262
0.600000	0.736503	0.800227	0.473433	0.378590	0.121074
0.610000	0.737895	0.816796	0.470448	0.378862	0.122875
0.620000	0.739362	0.833667	0.467493	0.379100	0.124663
0.630000	0.740906	0.850854	0.464566	0.379304	0.126439
0.640000	0.742526	0.868376	0.461666	0.379476	0.128204
0.650000	0.744227	0.886251	0.458793	0.379616	0.129957
0.660000	0.746009	0.904500	0.455945	0.379726	0.131698
0.670000	0.747874	0.923144	0.453121	0.379805	0.133427
0.680000	0.749827	0.942210	0.450321	0.379856	0.135145
0.690000	0.751870	0.961723	0.447543	0.379878	0.136850
0.700000	0.754007	0.981715	0.444788	0.379872	0.138544
0.710000	0.756241	1.002217	0.442053	0.379839	0.140226
0.720000	0.758577	1.023267	0.439338	0.379778	0.141897
0.730000	0.761020	1.044904	0.436643	0.379691	0.143555
0.740000	0.763576	1.067173	0.433966	0.379579	0.145202
0.750000	0.766250	1.090126	0.431307	0.379440	0.146837
0.760000	0.769049	1.113817	0.428666	0.379277	0.148460
0.770000	0.771981	1.138311	0.426041	0.379088	0.150071
0.780000	0.775055	1.163680	0.423431	0.378875	0.151670
0.790000	0.778279	1.190006	0.420837	0.378638	0.153258
0.800000	0.781666	1.217383	0.418257	0.378376	0.154833
0.810000	0.785227	1.245919	0.415690	0.378091	0.156397
0.811000	0.785593	1.248841	0.415434	0.378061	0.156553
0.811999	0.785961	1.251776	0.415178	0.378031	0.156709
0.812999	0.786331	1.254724	0.414922	0.378001	0.156864
0.813999	0.786703	1.257686	0.414667	0.377970	0.157019
0.814999	0.787077	1.260661	0.414411	0.377939	0.157175
0.815999	0.787453	1.263649	0.414156	0.377908	0.157330
0.816999	0.787831	1.266651	0.413901	0.377877	0.157485
0.817999	0.788210	1.269667	0.413646	0.377846	0.157640
0.818999	0.788592	1.272697	0.413391	0.377814	0.157795
0.819999	0.788976	1.275742	0.413136	0.377782	0.157949
0.820999	0.789362	1.278800	0.412881	0.377750	0.158104
0.821999	0.789750	1.281873	0.412626	0.377717	0.158258
0.822999	0.790140	1.284961	0.412372	0.377684	0.158413
0.823999	0.790532	1.288063	0.412117	0.377651	0.158567
0.824999	0.790926	1.291181	0.411863	0.377618	0.158721
0.825999	0.791323	1.294313	0.411609	0.377585	0.158875
0.826999	0.791721	1.297461	0.411355	0.377551	0.159029
0.827999	0.792122	1.300625	0.411101	0.377517	0.159182
0.828999	0.792525	1.303804	0.410847	0.377483	0.159336
0.829999	0.792930	1.306999	0.410594	0.377449	0.159489
0.830999	0.793337	1.310210	0.410340	0.377414	0.159643
0.831999	0.793747	1.313437	0.410086	0.377380	0.159796
0.832999	0.794159	1.316681	0.409833	0.377345	0.159949
0.833999	0.794573	1.319942	0.409580	0.377309	0.160102
0.834999	0.794990	1.323219	0.409327	0.377274	0.160255
0.835999	0.795409	1.326514	0.409074	0.377238	0.160408
0.836999	0.795830	1.329825	0.408821	0.377202	0.160561
0.837999	0.796253	1.333155	0.408568	0.377166	0.160713
0.838999	0.796679	1.336502	0.408315	0.377129	0.160865
0.839999	0.797108	1.339867	0.408062	0.377093	0.161018
0.840999	0.797539	1.343250	0.407810	0.377056	0.161170
0.841999	0.797972	1.346651	0.407557	0.377018	0.161322
0.842999	0.798408	1.350071	0.407305	0.376981	0.161474
0.843999	0.798847	1.353511	0.407053	0.376943	0.161626
0.844999	0.799288	1.356969	0.406801	0.376906	0.161778
0.845999	0.799731	1.360446	0.406549	0.376867	0.161929
0.846999	0.800177	1.363944	0.406297	0.376829	0.162081
0.847999	0.800626	1.367461	0.406045	0.376791	0.162232
0.848999	0.801078	1.370998	0.405793	0.376752	0.162383
0.849999	0.801532	1.374555	0.405542	0.376713	0.162534
0.850999	0.801989	1.378134	0.405290	0.376673	0.162685
0.851999	0.802448	1.381734	0.405039	0.376634	0.162836
0.852999	0.802911	1.385354	0.404787	0.376594	0.162987
0.853999	0.803376	1.388996	0.404536	0.376554	0.163138
0.854999	0.803844	1.392660	0.404285	0.376514	0.163288
0.855999	0.804315	1.396347	0.404034	0.376473	0.163439
0.856999	0.804789	1.400056	0.403783	0.376433	0.163589
0.857999	0.805265	1.403787	0.403532	0.376392	0.163739
0.858999	0.805745	1.407542	0.403281	0.376350	0.163889
0.859999	0.806228	1.411320	0.403030	0.376309	0.164039
0.860999	0.806714	1.415122	0.402779	0.376267	0.164189
0.861999	0.807203	1.418949	0.402529	0.376225	0.164339
0.862999	0.807694	1.422800	0.402278	0.376183	0.164488
0.863999	0.808189	1.426675	0.402028	0.376141	0.164638
0.864999	0.808688	1.430576	0.401778	0.376098	0.164787
0.865999	0.809189	1.434503	0.401527	0.376055	0.164936
0.866999	0.809694	1.438455	0.401277	0.376012	0.165085
0.867999	0.810202	1.442435	0.401027	0.375969	0.165234
0.868999	0.810713	1.446441	0.400777	0.375925	0.165383
0.869999	0.811228	1.450474	0.400527	0.375881	0.165532
0.870999	0.811746	1.454535	0.400277	0.375837	0.165681
0.871999	0.812267	1.458624	0.400028	0.375793	0.165829
0.872999	0.812792	1.462742	0.399778	0.375748	0.165978
0.873999	0.813321	1.466889	0.399528	0.375704	0.166126
0.874999	0.813853	1.471065	0.399279	0.375659	0.166274
0.875999	0.814389	1.475271	0.399029	0.375613	0.166422
0.876999	0.814928	1.479508	0.398780	0.375568	0.166570
0.877999	0.815472	1.483776	0.398530	0.375522	0.166718
0.878999	0.816019	1.488075	0.398281	0.375476	0.166865
0.879999	0.816570	1.492407	0.398032	0.375430	0.167013
0.880999	0.817124	1.496771	0.397783	0.375383	0.167161
0.881999	0.817683	1.501168	0.397534	0.375337	0.167308
0.882999	0.818245	1.505599	0.397285	0.375290	0.167455
0.883999	0.818812	1.510064	0.397036	0.375242	0.167602
0.884999	0.819383	1.514565	0.396787	0.375195	0.167749
0.885999	0.819958	1.519101	0.396538	0.375147	0.167896
0.886999	0.820537	1.523673	0.396289	0.375099	0.168043
0.887999	0.821120	1.528283	0.396040	0.375051	0.168189
0.888999	0.821708	1.532929	0.395792	0.375002	0.168336
0.889998	0.822300	1.537614	0.395543	0.374954	0.168482
0.890998	0.822897	1.542338	0.395294	0.374905	0.168629
0.891998	0.823498	1.547102	0.395046	0.374856	0.168775
0.892998	0.824104	1.551907	0.394798	0.374806	0.168921
0.893998	0.824714	1.556752	0.394549	0.374756	0.169067
0.894998	0.825329	1.561641	0.394301	0.374706	0.169212
0.895998	0.825949	1.566571	0.394052	0.374656	0.169358
0.896998	0.826574	1.571546	0.393804	0.374606	0.169504
0.897998	0.827204	1.576565	0.393556	0.374555	0.169649
0.898998	0.827839	1.581630	0.393308	0.374504	0.169794
0.899998	0.828479	1.586742	0.393060	0.374453	0.169940
0.900998	0.829124	1.591900	0.392812	0.374401	0.170085
0.901098	0.829189	1.592419	0.392787	0.374396	0.170099
0.901198	0.829254	1.592938	0.392762	0.374391	0.170114
0.901298	0.829319	1.593458	0.392737	0.374386	0.170128
0.901398	0.829384	1.593978	0.392713	0.374381	0.170143
0.901498	0.829449	1.594498	0.392688	0.374375	0.170157
0.901598	0.829514	1.595020	0.392663	0.374370	0.170172
0.901698	0.829579	1.595541	0.392638	0.374365	0.170186
0.901798	0.829644	1.596064	0.392613	0.374360	0.170201
0.901899	0.829710	1.596586	0.392588	0.374355	0.170215
0.901999	0.829775	1.597108	0.392564	0.374349	0.170230
0.902099	0.829840	1.597632	0.392539	0.374344	0.170244
0.902199	0.829906	1.598157	0.392514	0.374339	0.170259
0.902299	0.829971	1.598681	0.392489	0.374334	0.170273
0.902399	0.830037	1.599206	0.392464	0.374329	0.170288
0.902499	0.830102	1.599732	0.392440	0.374323	0.170302
0.902599	0.830168	1.600257	0.392415	0.374318	0.170317
0.902699	0.830234	1.600784	0.392390	0.374313	0.170331
0.902799	0.830299	1.601311	0.392365	0.374308	0.170346
0.902899	0.830365	1.601839	0.392340	0.374303	0.170360
0.902999	0.830431	1.602367	0.392316	0.374297	0.170375
0.903099	0.830497	1.602896	0.392291	0.374292	0.170389
0.903199	0.830563	1.603425	0.392266	0.374287	0.170403
0.903299	0.830629	1.603954	0.392241	0.374282	0.170418
0.903399	0.830695	1.604484	0.392216	0.374277	0.170432
0.903499	0.830761	1.605015	0.392192	0.374271	0.170447
0.903599	0.830827	1.605546	0.392167	0.374266	0.170461
0.903699	0.830893	1.606077	0.392142	0.374261	0.170476
0.903799	0.830960	1.606610	0.392117	0.374256	0.170490
0.903899	0.831026	1.607142	0.392092	0.374250	0.170505
0.903999	0.831092	1.607675	0.392068	0.374245	0.170519
0.904099	0.831159	1.608209	0.392043	0.374240	0.170534
0.904199	0.831226	1.608744	0.392018	0.374235	0.170548
0.904299	0.831292	1.609278	0.391993	0.374229	0.170563
0.904399	0.831359	1.609813	0.391968	0.374224	0.170577
0.904499	0.831426	1.610350	0.391944	0.374219	0.170592
0.904599	0.831492	1.610886	0.391919	0.374214	0.170606
0.904699	0.831559	1.611423	0.391894	0.374208	0.170621
0.904799	0.831626	1.611960	0.391869	0.374203	0.170635
0.904899	0.831693	1.612498	0.391845	0.374198	0.170649
0.904999	0.831760	1.613036	0.391820	0.374193	0.170664
0.905099	0.831827	1.613575	0.391795	0.374187	0.170678
0.905199	0.831894	1.614114	0.391770	0.374182	0.170693
0.905299	0.831961	1.614655	0.391745	0.374177	0.170707
0.905399	0.832028	1.615195	0.391721	0.374171	0.170722
0.905499	0.832095	1.615736	0.391696	0.374166	0.170736
0.905599	0.832163	1.616278	0.391671	0.374161	0.170751
0.905699	0.832230	1.616820	0.391646	0.374156	0.170765
0.905799	0.832298	1.617362	0.391621	0.374150	0.170779
0.905899	0.832365	1.617906	0.391597	0.374145	0.170794
0.905999	0.832433	1.618450	0.391572	0.374140	0.170808
0.906099	0.832500	1.618993	0.391547	0.374134	0.170823
0.906199	0.832568	1.619539	0.391522	0.374129	0.170837
0.906299	0.832636	1.620084	0.391497	0.374124	0.170852
0.906399	0.832703	1.620629	0.391473	0.374119	0.170866
0.906499	0.832771	1.621177	0.391448	0.374113	0.170881
0.906599	0.832839	1.621723	0.391423	0.374108	0.170895
0.906699	0.832907	1.622271	0.391398	0.374103	0.170909
0.906799	0.832975	1.622819	0.391374	0.374097	0.170924
0.906899	0.833043	1.623368	0.391349	0.374092	0.170938
0.906999	0.833111	1.623917	0.391324	0.374087	0.170953
0.907099	0.833179	1.624467	0.391299	0.374081	0.170967
0.907199	0.833248	1.625018	0.391274	0.374076	0.170982
0.907299	0.833316	1.625568	0.391250	0.374071	0.170996
0.907399	0.833384	1.626120	0.391225	0.374065	0.171010
0.907499	0.833453	1.626671	0.391200	0.374060	0.171025
0.907599	0.833521	1.627224	0.391175	0.374055	0.171039
0.907699	0.833590	1.627777	0.391151	0.374049	0.171054
0.907799	0.833658	1.628331	0.391126	0.374044	0.171068
0.907899	0.833727	1.628885	0.391101	0.374039	0.171083
0.908000	0.833796	1.629440	0.391076	0.374033	0.171097
0.908100	0.833865	1.629995	0.391051	0.374028	0.171111
0.908200	0.833933	1.630551	0.391027	0.374023	0.171126
0.908300	0.834002	1.631108	0.391002	0.374017	0.171140
0.908400	0.834071	1.631665	0.390977	0.374012	0.171155
0.908500	0.834140	1.632222	0.390952	0.374007	0.171169
0.908600	0.834210	1.632781	0.390928	0.374001	0.171184
0.908700	0.834279	1.633340	0.390903	0.373996	0.171198
0.908800	0.834348	1.633899	0.390878	0.373990	0.171212
0.908900	0.834417	1.634459	0.390853	0.373985	0.171227
0.909000	0.834486	1.635020	0.390828	0.373980	0.171241
0.909100	0.834556	1.635580	0.390804	0.373974	0.171256
0.909200	0.834625	1.636142	0.390779	0.373969	0.171270
0.909300	0.834695	1.636704	0.390754	0.373964	0.171284
0.909400	0.834764	1.637268	0.390729	0.373958	0.171299
0.909500	0.834834	1.637831	0.390705	0.373953	0.171313
0.909600	0.834904	1.638395	0.390680	0.373947	0.171328
0.909700	0.834973	1.638959	0.390655	0.373942	0.171342
0.909800	0.835043	1.639525	0.390630	0.373937	0.171356
0.909900	0.835113	1.640090	0.390605	0.373931	0.171371
0.910000	0.835183	1.640656	0.390581	0.373926	0.171385
0.910100	0.835253	1.641224	0.390556	0.373920	0.171400
0.910200	0.835323	1.641791	0.390531	0.373915	0.171414
0.910300	0.835393	1.642360	0.390506	0.373910	0.171428
0.910400	0.835463	1.642928	0.390482	0.373904	0.171443
0.910500	0.835534	1.643498	0.390457	0.373899	0.171457
0.910600	0.835604	1.644067	0.390432	0.373893	0.171472
0.910700	0.835674	1.644638	0.390407	0.373888	0.171486
0.910800	0.835745	1.645210	0.390382	0.373882	0.171500
0.910900	0.835815	1.645781	0.390358	0.373877	0.171515
0.911000	0.835886	1.646353	0.390333	0.373872	0.171529
0.911100	0.835957	1.646926	0.390308	0.373866	0.171543
0.911200	0.836027	1.647500	0.390283	0.373861	0.171558
0.911300	0.836098	1.648074	0.390259	0.373855	0.171572
0.911400	0.836169	1.648649	0.390234	0.373850	0.171587
0.911500	0.836240	1.649225	0.390209	0.373844	0.171601
0.911600	0.836311	1.649800	0.390184	0.373839	0.171615
0.911700	0.836382	1.650377	0.390160	0.373834	0.171630
0.911800	0.836453	1.650954	0.390135	0.373828	0.171644
0.911900	0.836524	1.651531	0.390110	0.373823	0.171658
0.912000	0.836595	1.652110	0.390085	0.373817	0.171673
0.912100	0.836666	1.652689	0.390060	0.373812	0.171687
0.912200	0.836738	1.653269	0.390036	0.373806	0.171702
0.912300	0.836809	1.653850	0.390011	0.373801	0.171716
0.912400	0.836881	1.654430	0.389986	0.373795	0.171730
0.912500	0.836952	1.655013	0.389961	0.373790	0.171745
0.912600	0.837024	1.655594	0.389937	0.373784	0.171759
0.912700	0.837095	1.656177	0.389912	0.373779	0.171773
0.912800	0.837167	1.656761	0.389887	0.373774	0.171788
0.912900	0.837239	1.657345	0.389862	0.373768	0.171802
0.913000	0.837311	1.657930	0.389838	0.373763	0.171817
0.913100	0.837383	1.658516	0.389813	0.373757	0.171831
0.913200	0.837455	1.659102	0.389788	0.373752	0.171845
0.913300	0.837527	1.659688	0.389763	0.373746	0.171860
0.913400	0.837599	1.660276	0.389739	0.373741	0.171874
0.913500	0.837671	1.660864	0.389714	0.373735	0.171888
0.913600	0.837743	1.661452	0.389689	0.373730	0.171903
0.913700	0.837816	1.662042	0.389664	0.373724	0.171917
0.913800	0.837888	1.662631	0.389640	0.373719	0.171931
0.913900	0.837960	1.663221	0.389615	0.373713	0.171946
0.914001	0.838033	1.663813	0.389590	0.373708	0.171960
0.914101	0.838106	1.664405	0.389565	0.373702	0.171974
0.914201	0.838178	1.664998	0.389540	0.373697	0.171989
0.914301	0.838251	1.665590	0.389516	0.373691	0.172003
0.914401	0.838324	1.666184	0.389491	0.373686	0.172017
0.914501	0.838397	1.666779	0.389466	0.373680	0.172032
0.914601	0.838470	1.667374	0.389441	0.373674	0.172046
0.914701	0.838543	1.667970	0.389417	0.373669	0.172060
0.914801	0.838616	1.668566	0.389392	0.373663	0.172075
0.914901	0.838689	1.669164	0.389367	0.373658	0.172089
0.915001	0.838762	1.669761	0.389342	0.373652	0.172103
0.915101	0.838835	1.670360	0.389318	0.373647	0.172118
0.915201	0.838909	1.670959	0.389293	0.373641	0.172132
0.915301	0.838982	1.671558	0.389268	0.373636	0.172146
0.915401	0.839056	1.672159	0.389243	0.373630	0.172161
0.915501	0.839129	1.672760	0.389219	0.373625	0.172175
0.915601	0.839203	1.673362	0.389194	0.373619	0.172189
0.915701	0.839276	1.673965	0.389169	0.373614	0.172204
0.915801	0.839350	1.674568	0.389144	0.373608	0.172218
0.915901	0.839424	1.675172	0.389120	0.373602	0.172232
0.916001	0.839498	1.675776	0.389095	0.373597	0.172247
0.916101	0.839572	1.676381	0.389070	0.373591	0.172261
0.916201	0.839646	1.676987	0.389045	0.373586	0.172275
0.916301	0.839720	1.677594	0.389021	0.373580	0.172290
0.916401	0.839794	1.678202	0.388996	0.373575	0.172304
0.916501	0.839868	1.678809	0.388971	0.373569	0.172318
0.916601	0.839943	1.679418	0.388946	0.373563	0.172333
0.916701	0.840017	1.680027	0.388922	0.373558	0.172347
0.916801	0.840092	1.680638	0.388897	0.373552	0.172361
0.916901	0.840166	1.681249	0.388872	0.373547	0.172376
0.917001	0.840241	1.681860	0.388847	0.373541	0.172390
0.917101	0.840315	1.682472	0.388823	0.373535	0.172404
0.917201	0.840390	1.683085	0.388798	0.373530	0.172419
0.917301	0.840465	1.683699	0.388773	0.373524	0.172433
0.917401	0.840540	1.684314	0.388748	0.373519	0.172447
0.917501	0.840615	1.684928	0.388724	0.373513	0.172461
0.917601	0.840690	1.685544	0.388699	0.373507	0.172476
0.917701	0.840765	1.686160	0.388674	0.373502	0.172490
0.917801	0.840840	1.686777	0.388649	0.373496	0.172504
0.917901	0.840915	1.687395	0.388625	0.373491	0.172519
0.918001	0.840991	1.688014	0.388600	0.373485	0.172533
0.918101	0.841066	1.688633	0.388575	0.373479	0.172547
0.918201	0.841142	1.689254	0.388550	0.373474	0.172562
0.918301	0.841217	1.689875	0.388526	0.373468	0.172576
0.918401	0.841293	1.690496	0.388501	0.373462	0.172590
0.918501	0.841368	1.691118	0.388476	0.373457	0.172604
0.918601	0.841444	1.691741	0.388451	0.373451	0.172619
0.918701	0.841520	1.692364	0.388427	0.373446	0.172633
0.918801	0.841596	1.692988	0.388402	0.373440	0.172647
0.918901	0.841672	1.693614	0.388377	0.373434	0.172662
0.919001	0.841748	1.694239	0.388352	0.373429	0.172676
0.919101	0.841824	1.694867	0.388328	0.373423	0.172690
0.919201	0.841900	1.695494	0.388303	0.373417	0.172704
0.919301	0.841977	1.696122	0.388278	0.373412	0.172719
0.919401	0.842053	1.696751	0.388253	0.373406	0.172733
0.919501	0.842129	1.697380	0.388229	0.373400	0.172747
0.919601	0.842206	1.698011	0.388204	0.373395	0.172762
0.919701	0.842283	1.698643	0.388179	0.373389	0.172776
0.919801	0.842359	1.699274	0.388154	0.373383	0.172790
0.919901	0.842436	1.699907	0.388130	0.373378	0.172804
0.920002	0.842513	1.700540	0.388105	0.373372	0.172819
0.920102	0.842590	1.701175	0.388080	0.373366	0.172833
0.920202	0.842667	1.701810	0.388055	0.373361	0.172847
0.920302	0.842744	1.702445	0.388031	0.373355	0.172862
0.920402	0.842821	1.703081	0.388006	0.373349	0.172876
0.920502	0.842898	1.703718	0.387981	0.373344	0.172890
0.920602	0.842975	1.704357	0.387956	0.373338	0.172904
0.920702	0.843052	1.704995	0.387932	0.373332	0.172919
0.920802	0.843130	1.705634	0.387907	0.373326	0.172933
0.920902	0.843207	1.706275	0.387882	0.373321	0.172947
0.921002	0.843285	1.706916	0.387858	0.373315	0.172961
0.921102	0.843363	1.707558	0.387833	0.373309	0.172976
0.921202	0.843440	1.708201	0.387808	0.373304	0.172990
0.921302	0.843518	1.708844	0.387783	0.373298	0.173004
0.921402	0.843596	1.709488	0.387759	0.373292	0.173018
0.921502	0.843674	1.710133	0.387734	0.373286	0.173033
0.921602	0.843752	1.710779	0.387709	0.373281	0.173047
0.921702	0.843830	1.711425	0.387684	0.373275	0.173061
0.921802	0.843908	1.712073	0.387660	0.373269	0.173075
0.921902	0.843987	1.712721	0.387635	0.373264	0.173090
0.922002	0.844065	1.713370	0.387610	0.373258	0.173104
0.922102	0.844143	1.714020	0.387585	0.373252	0.173118
0.922202	0.844222	1.714671	0.387561	0.373246	0.173132
0.922302	0.844300	1.715322	0.387536	0.373241	0.173147
0.922402	0.844379	1.715975	0.387511	0.373235	0.173161
0.922502	0.844458	1.716628	0.387486	0.373229	0.173175
0.922602	0.844537	1.717282	0.387462	0.373223	0.173189
0.922702	0.844616	1.717935	0.387437	0.373218	0.173204
0.922802	0.844695	1.718592	0.387412	0.373212	0.173218
0.922902	0.844774	1.719247	0.387387	0.373206	0.173232
0.923002	0.844853	1.719905	0.387363	0.373200	0.173246
0.923102	0.844932	1.720563	0.387338	0.373195	0.173261
0.923202	0.845012	1.721222	0.387313	0.373189	0.173275
0.923302	0.845091	1.721881	0.387289	0.373183	0.173289
0.923402	0.845170	1.722542	0.387264	0.373177	0.173303
0.923502	0.845250	1.723203	0.387239	0.373171	0.173318
0.923602	0.845330	1.723865	0.387214	0.373166	0.173332
0.923702	0.845409	1.724528	0.387190	0.373160	0.173346
0.923802	0.845489	1.725191	0.387165	0.373154	0.173360
0.923902	0.845569	1.725857	0.387140	0.373148	0.173374
0.924002	0.845649	1.726521	0.387115	0.373143	0.173389
0.924102	0.845729	1.727188	0.387091	0.373137	0.173403
0.924202	0.845809	1.727855	0.387066	0.373131	0.173417
0.924302	0.845889	1.728523	0.387041	0.373125	0.173431
0.924402	0.845970	1.729193	0.387016	0.373119	0.173446
0.924502	0.846050	1.729862	0.386992	0.373114	0.173460
0.924602	0.846130	1.730532	0.386967	0.373108	0.173474
0.924702	0.846211	1.731204	0.386942	0.373102	0.173488
0.924802	0.846292	1.731876	0.386918	0.373096	0.173502
0.924902	0.846372	1.732549	0.386893	0.373090	0.173517
0.925002	0.845953	1.730216	0.386818	0.373128	0.173547
0.925102	0.846034	1.730889	0.386794	0.373122	0.173562
0.925202	0.846115	1.731563	0.386769	0.373116	0.173576
0.925302	0.846196	1.732238	0.386744	0.373110	0.173590
0.925402	0.846277	1.732913	0.386720	0.373104	0.173604
0.925502	0.846359	1.733590	0.386695	0.373098	0.173618
0.925602	0.846440	1.734267	0.386670	0.373093	0.173633
0.925702	0.846521	1.734946	0.386646	0.373087	0.173647
0.925802	0.846603	1.735625	0.386621	0.373081	0.173661
0.925902	0.846684	1.736305	0.386596	0.373075	0.173675
0.926003	0.846766	1.736986	0.386572	0.373069	0.173689
0.926103	0.846848	1.737668	0.386547	0.373063	0.173704
0.926203	0.846930	1.738351	0.386522	0.373057	0.173718
0.926303	0.847012	1.739034	0.386497	0.373051	0.173732
0.926403	0.847094	1.739718	0.386473	0.373046	0.173746
0.926503	0.847176	1.740404	0.386448	0.373040	0.173760
0.926603	0.847258	1.741090	0.386423	0.373034	0.173775
0.926703	0.847340	1.741777	0.386399	0.373028	0.173789
0.926803	0.847423	1.742466	0.386374	0.373022	0.173803
0.926903	0.847505	1.743155	0.386349	0.373016	0.173817
0.927003	0.847588	1.743845	0.386325	0.373010	0.173831
0.927103	0.847670	1.744536	0.386300	0.373004	0.173845
0.927203	0.847753	1.745228	0.386275	0.372998	0.173860
0.927303	0.847836	1.745921	0.386251	0.372992	0.173874
0.927403	0.847919	1.746614	0.386226	0.372986	0.173888
0.927503	0.848002	1.747309	0.386201	0.372980	0.173902
0.927603	0.848085	1.748005	0.386177	0.372974	0.173916
0.927703	0.848168	1.748701	0.386152	0.372969	0.173930
0.927803	0.848251	1.749399	0.386127	0.372963	0.173945
0.927903	0.848334	1.750097	0.386103	0.372957	0.173959
0.928003	0.848418	1.750796	0.386078	0.372951	0.173973
0.928103	0.848501	1.751496	0.386053	0.372945	0.173987
0.928203	0.848585	1.752197	0.386029	0.372939	0.174001
0.928303	0.848669	1.752900	0.386004	0.372933	0.174015
0.928403	0.848753	1.753603	0.385979	0.372927	0.174030
0.928503	0.848836	1.754307	0.385954	0.372921	0.174044
0.928603	0.848921	1.755012	0.385930	0.372915	0.174058
0.928703	0.849005	1.755718	0.385905	0.372909	0.174072
0.928803	0.849089	1.756425	0.385880	0.372903	0.174086
0.928903	0.849173	1.757134	0.385856	0.372897	0.174100
0.929003	0.849257	1.757842	0.385831	0.372891	0.174115
0.929103	0.849342	1.758553	0.385806	0.372885	0.174129
0.929203	0.849426	1.759263	0.385782	0.372879	0.174143
0.929303	0.849511	1.759976	0.385757	0.372873	0.174157
0.929403	0.849596	1.760688	0.385732	0.372867	0.174171
0.929503	0.849681	1.761402	0.385708	0.372861	0.174185
0.929603	0.849765	1.762116	0.385683	0.372855	0.174199
0.929703	0.849850	1.762832	0.385658	0.372849	0.174214
0.929803	0.849936	1.763550	0.385634	0.372843	0.174228
0.929903	0.850021	1.764268	0.385609	0.372837	0.174242
0.930003	0.850106	1.764985	0.385584	0.372831	0.174256
0.930103	0.850192	1.765706	0.385560	0.372825	0.174270
0.930203	0.850277	1.766427	0.385535	0.372819	0.174284
0.930303	0.850363	1.767149	0.385510	0.372813	0.174298
0.930403	0.850448	1.767871	0.385486	0.372807	0.174313
0.930503	0.850534	1.768596	0.385461	0.372801	0.174327
0.930603	0.850620	1.769320	0.385436	0.372795	0.174341
0.930703	0.850706	1.770047	0.385412	0.372789	0.174355
0.930803	0.850792	1.770774	0.385387	0.372783	0.174369
0.930903	0.850878	1.771502	0.385362	0.372777	0.174383
0.931003	0.850964	1.772231	0.385338	0.372771	0.174397
0.931103	0.851051	1.772961	0.385313	0.372765	0.174411
0.931203	0.851137	1.773692	0.385288	0.372759	0.174426
0.931303	0.851224	1.774424	0.385264	0.372753	0.174440
0.931403	0.851311	1.775158	0.385239	0.372747	0.174454
0.931503	0.851397	1.775893	0.385214	0.372741	0.174468
0.931603	0.851484	1.776627	0.385189	0.372735	0.174482
0.931703	0.851571	1.777363	0.385165	0.372729	0.174496
0.931803	0.851658	1.778101	0.385140	0.372722	0.174510
0.931903	0.851745	1.778840	0.385115	0.372716	0.174524
0.932003	0.851833	1.779579	0.385091	0.372710	0.174538
0.932104	0.851920	1.780320	0.385066	0.372704	0.174553
0.932204	0.852007	1.781062	0.385041	0.372698	0.174567
0.932304	0.852095	1.781805	0.385017	0.372692	0.174581
0.932404	0.852183	1.782549	0.384992	0.372686	0.174595
0.932504	0.852270	1.783294	0.384967	0.372680	0.174609
0.932604	0.852358	1.784040	0.384943	0.372674	0.174623
0.932704	0.852446	1.784788	0.384918	0.372668	0.174637
0.932804	0.852534	1.785535	0.384893	0.372662	0.174651
0.932904	0.852623	1.786285	0.384869	0.372656	0.174665
0.933004	0.852711	1.787035	0.384844	0.372649	0.174680
0.933104	0.852799	1.787787	0.384819	0.372643	0.174694
0.933204	0.852888	1.788540	0.384795	0.372637	0.174708
0.933304	0.852976	1.789294	0.384770	0.372631	0.174722
0.933404	0.853065	1.790048	0.384745	0.372625	0.174736
0.933504	0.853154	1.790805	0.384721	0.372619	0.174750
0.933604	0.853243	1.791563	0.384696	0.372613	0.174764
0.933704	0.853332	1.792320	0.384671	0.372607	0.174778
0.933804	0.853421	1.793080	0.384647	0.372600	0.174792
0.933904	0.853510	1.793840	0.384622	0.372594	0.174806
0.934004	0.853599	1.794602	0.384597	0.372588	0.174820
0.934104	0.853689	1.795365	0.384573	0.372582	0.174835
0.934204	0.853778	1.796128	0.384548	0.372576	0.174849
0.934304	0.853868	1.796895	0.384523	0.372570	0.174863
0.934404	0.853958	1.797661	0.384499	0.372564	0.174877
0.934504	0.854047	1.798428	0.384474	0.372558	0.174891
0.934604	0.854138	1.799198	0.384449	0.372551	0.174905
0.934704	0.854228	1.799967	0.384425	0.372545	0.174919
0.934804	0.854318	1.800738	0.384400	0.372539	0.174933
0.934904	0.854408	1.801510	0.384375	0.372533	0.174947
0.935004	0.854498	1.802283	0.384351	0.372527	0.174961
0.935104	0.854589	1.803058	0.384326	0.372521	0.174975
0.935204	0.854680	1.803834	0.384301	0.372514	0.174989
0.935304	0.854770	1.804611	0.384277	0.372508	0.175003
0.935404	0.854861	1.805389	0.384252	0.372502	0.175018
0.935504	0.854952	1.806169	0.384227	0.372496	0.175032
0.935604	0.855043	1.806949	0.384203	0.372490	0.175046
0.935704	0.855134	1.807731	0.384178	0.372483	0.175060
0.935804	0.855225	1.808513	0.384153	0.372477	0.175074
0.935904	0.855317	1.809299	0.384129	0.372471	0.175088
0.936004	0.855408	1.810083	0.384104	0.372465	0.175102
0.936104	0.855500	1.810870	0.384079	0.372459	0.175116
0.936204	0.855592	1.811658	0.384055	0.372452	0.175130
0.936304	0.855683	1.812446	0.384030	0.372446	0.175144
0.936404	0.855775	1.813237	0.384005	0.372440	0.175158
0.936504	0.855867	1.814029	0.383981	0.372434	0.175172
0.936604	0.855960	1.814822	0.383956	0.372428	0.175186
0.936704	0.856052	1.815616	0.383931	0.372421	0.175200
0.936804	0.856144	1.816411	0.383907	0.372415	0.175214
0.936904	0.856237	1.817207	0.383882	0.372409	0.175228
0.937004	0.856329	1.818006	0.383857	0.372403	0.175242
0.937104	0.856422	1.818805	0.383833	0.372396	0.175257
0.937204	0.856515	1.819605	0.383808	0.372390	0.175271
0.937304	0.856608	1.820407	0.383783	0.372384	0.175285
0.937404	0.856701	1.821210	0.383759	0.372378	0.175299
0.937504	0.856794	1.822014	0.383734	0.372371	0.175313
0.937604	0.856887	1.822819	0.383709	0.372365	0.175327
0.937704	0.856981	1.823626	0.383685	0.372359	0.175341
0.937804	0.857074	1.824435	0.383660	0.372353	0.175355
0.937904	0.857168	1.825243	0.383635	0.372346	0.175369
0.938004	0.857262	1.826055	0.383611	0.372340	0.175383
0.938105	0.857356	1.826867	0.383586	0.372334	0.175397
0.938205	0.857450	1.827680	0.383561	0.372328	0.175411
0.938305	0.857544	1.828494	0.383537	0.372321	0.175425
0.938405	0.857638	1.829310	0.383512	0.372315	0.175439
0.938505	0.857733	1.830128	0.383487	0.372309	0.175453
0.938605	0.857827	1.830946	0.383463	0.372303	0.175467
0.938705	0.857922	1.831766	0.383438	0.372296	0.175481
0.938805	0.858016	1.832588	0.383413	0.372290	0.175495
0.938905	0.858111	1.833411	0.383389	0.372284	0.175509
0.939005	0.858206	1.834235	0.383364	0.372277	0.175523
0.939105	0.858301	1.835060	0.383339	0.372271	0.175537
0.939205	0.858397	1.835887	0.383315	0.372265	0.175551
0.939305	0.858492	1.836716	0.383290	0.372258	0.175565
0.939405	0.858587	1.837544	0.383265	0.372252	0.175579
0.939505	0.858683	1.838376	0.383241	0.372246	0.175593
0.939605	0.858779	1.839208	0.383216	0.372239	0.175607
0.939705	0.858874	1.840041	0.383191	0.372233	0.175621
0.939805	0.858970	1.840876	0.383167	0.372227	0.175635
0.939905	0.859067	1.841713	0.383142	0.372220	0.175649
0.940005	0.859163	1.842551	0.383117	0.372214	0.175663
0.940105	0.859259	1.843390	0.383093	0.372208	0.175677
0.940205	0.859356	1.844232	0.383068	0.372201	0.175691
0.940305	0.859452	1.845073	0.383043	0.372195	0.175705
0.940405	0.859549	1.845917	0.383019	0.372189	0.175719
0.940505	0.859644	1.846748	0.382994	0.372183	0.175733
0.940605	0.859738	1.847580	0.382969	0.372176	0.175747
0.940705	0.859833	1.848410	0.382944	0.372170	0.175761
0.940805	0.859928	1.849243	0.382919	0.372164	0.175776
0.940905	0.860023	1.850077	0.382894	0.372158	0.175790
0.941005	0.860118	1.850914	0.382870	0.372152	0.175804
0.941105	0.860213	1.851750	0.382845	0.372146	0.175818
0.941205	0.860308	1.852590	0.382820	0.372139	0.175832
0.941305	0.860404	1.853430	0.382795	0.372133	0.175846
0.941405	0.860499	1.854270	0.382770	0.372127	0.175860
0.941505	0.860595	1.855113	0.382745	0.372121	0.175874
0.941605	0.860690	1.855957	0.382720	0.372115	0.175888
0.941705	0.860786	1.856802	0.382695	0.372108	0.175902
0.941805	0.860882	1.857648	0.382671	0.372102	0.175916
0.941905	0.860978	1.858497	0.382646	0.372096	0.175930
0.942005	0.861074	1.859345	0.382621	0.372090	0.175944
0.942105	0.861171	1.860197	0.382596	0.372083	0.175958
0.942205	0.861267	1.861050	0.382571	0.372077	0.175972
0.942305	0.861364	1.861903	0.382546	0.372071	0.175986
0.942405	0.861461	1.862759	0.382521	0.372065	0.176000
0.942505	0.861557	1.863614	0.382496	0.372059	0.176015
0.942605	0.861654	1.864472	0.382472	0.372052	0.176029
0.942705	0.861751	1.865333	0.382447	0.372046	0.176043
0.942805	0.861848	1.866193	0.382422	0.372040	0.176057
0.942905	0.861946	1.867055	0.382397	0.372034	0.176071
0.943005	0.862043	1.867918	0.382372	0.372027	0.176085
0.943105	0.862141	1.868784	0.382347	0.372021	0.176099
0.943205	0.862238	1.869651	0.382322	0.372015	0.176113
0.943305	0.862336	1.870519	0.382297	0.372009	0.176127
0.943405	0.862434	1.871388	0.382273	0.372002	0.176141
0.943505	0.862532	1.872259	0.382248	0.371996	0.176155
0.943605	0.862630	1.873131	0.382223	0.371990	0.176169
0.943705	0.862728	1.874004	0.382198	0.371984	0.176183
0.943805	0.862827	1.874881	0.382173	0.371977	0.176197
0.943905	0.862925	1.875757	0.382148	0.371971	0.176211
0.944005	0.863024	1.876636	0.382123	0.371965	0.176225
0.944106	0.863123	1.877515	0.382098	0.371958	0.176239
0.944206	0.863222	1.878396	0.382073	0.371952	0.176253
0.944306	0.863321	1.879279	0.382049	0.371946	0.176267
0.944406	0.863420	1.880163	0.382024	0.371940	0.176281
0.944506	0.863519	1.881050	0.381999	0.371933	0.176295
0.944606	0.863618	1.881936	0.381974	0.371927	0.176309
0.944706	0.863718	1.882826	0.381949	0.371921	0.176323
0.944806	0.863818	1.883716	0.381924	0.371914	0.176337
0.944906	0.863917	1.884608	0.381899	0.371908	0.176351
0.945006	0.864017	1.885502	0.381874	0.371902	0.176365
0.945106	0.864117	1.886397	0.381849	0.371896	0.176379
0.945206	0.864218	1.887293	0.381825	0.371889	0.176393
0.945306	0.864318	1.888192	0.381800	0.371883	0.176407
0.945406	0.864418	1.889091	0.381775	0.371877	0.176422
0.945506	0.864519	1.889993	0.381750	0.371870	0.176436
0.945606	0.864619	1.890896	0.381725	0.371864	0.176450
0.945706	0.864720	1.891800	0.381700	0.371858	0.176464
0.945806	0.864821	1.892706	0.381675	0.371851	0.176478
0.945906	0.864922	1.893613	0.381650	0.371845	0.176492
0.946006	0.865023	1.894523	0.381625	0.371839	0.176506
0.946106	0.865125	1.895434	0.381600	0.371832	0.176520
0.946206	0.865226	1.896347	0.381576	0.371826	0.176534
0.946306	0.865328	1.897261	0.381551	0.371820	0.176548
0.946406	0.865430	1.898176	0.381526	0.371813	0.176562
0.946506	0.865532	1.899094	0.381501	0.371807	0.176576
0.946606	0.865633	1.900012	0.381476	0.371801	0.176590
0.946706	0.865736	1.900934	0.381451	0.371794	0.176604
0.946806	0.865838	1.901855	0.381426	0.371788	0.176618
0.946906	0.865940	1.902779	0.381401	0.371782	0.176632
0.947006	0.866043	1.903704	0.381376	0.371775	0.176646
0.947106	0.866145	1.904632	0.381351	0.371769	0.176660
0.947206	0.866248	1.905562	0.381327	0.371762	0.176674
0.947306	0.866351	1.906492	0.381302	0.371756	0.176688
0.947406	0.866454	1.907424	0.381277	0.371750	0.176702
0.947506	0.866558	1.908358	0.381252	0.371743	0.176716
0.947606	0.866661	1.909293	0.381227	0.371737	0.176730
0.947706	0.866764	1.910231	0.381202	0.371731	0.176744
0.947806	0.866868	1.911170	0.381177	0.371724	0.176758
0.947906	0.866972	1.912112	0.381152	0.371718	0.176772
0.948006	0.867076	1.913054	0.381127	0.371711	0.176786
0.948106	0.867180	1.913998	0.381102	0.371705	0.176800
0.948206	0.867284	1.914945	0.381077	0.371699	0.176814
0.948306	0.867389	1.915893	0.381052	0.371692	0.176828
0.948406	0.867493	1.916842	0.381028	0.371686	0.176842
0.948506	0.867598	1.917793	0.381003	0.371679	0.176856
0.948606	0.867702	1.918747	0.380978	0.371673	0.176870
0.948706	0.867807	1.919703	0.380953	0.371667	0.176884
0.948806	0.867912	1.920659	0.380928	0.371660	0.176897
0.948906	0.868017	1.921616	0.380903	0.371654	0.176911
0.949006	0.868123	1.922578	0.380878	0.371647	0.176925
0.949106	0.868228	1.923540	0.380853	0.371641	0.176939
0.949206	0.868334	1.924502	0.380828	0.371635	0.176953
0.949306	0.868440	1.925470	0.380803	0.371628	0.176967
0.949406	0.868546	1.926436	0.380778	0.371622	0.176981
0.949506	0.868652	1.927405	0.380753	0.371615	0.176995
0.949606	0.868758	1.928377	0.380728	0.371609	0.177009
0.949706	0.868864	1.929350	0.380704	0.371602	0.177023
0.949806	0.868971	1.930324	0.380679	0.371596	0.177037
0.949906	0.869078	1.931303	0.380654	0.371589	0.177051
0.950006	0.869184	1.932282	0.380629	0.371583	0.177065
0.950107	0.869291	1.933262	0.380604	0.371577	0.177079
0.950207	0.869398	1.934244	0.380579	0.371570	0.177093
0.950307	0.869506	1.935229	0.380554	0.371564	0.177107
0.950407	0.869613	1.936215	0.380529	0.371557	0.177121
0.950507	0.869721	1.937202	0.380504	0.371551	0.177135
0.950607	0.869828	1.938193	0.380479	0.371544	0.177149
0.950707	0.869936	1.939185	0.380454	0.371538	0.177163
0.950807	0.870044	1.940179	0.380429	0.371531	0.177177
0.950907	0.870152	1.941174	0.380404	0.371525	0.177191
0.951007	0.870261	1.942172	0.380379	0.371518	0.177205
0.951107	0.870369	1.943173	0.380354	0.371512	0.177219
0.951207	0.870478	1.944174	0.380329	0.371505	0.177233
0.951307	0.870586	1.945177	0.380305	0.371499	0.177247
0.951407	0.870695	1.946183	0.380280	0.371492	0.177261
0.951507	0.870805	1.947191	0.380255	0.371486	0.177275
0.951607	0.870914	1.948200	0.380230	0.371479	0.177289
0.951707	0.871023	1.949211	0.380205	0.371473	0.177303
0.951807	0.871133	1.950226	0.380180	0.371466	0.177316
0.951907	0.871242	1.951240	0.380155	0.371460	0.177330
0.952007	0.871352	1.952259	0.380130	0.371453	0.177344
0.952107	0.871462	1.953279	0.380105	0.371447	0.177358
0.952207	0.871573	1.954302	0.380080	0.371440	0.177372
0.952307	0.871683	1.955324	0.380055	0.371434	0.177386
0.952407	0.871794	1.956352	0.380030	0.371427	0.177400
0.952507	0.871904	1.957378	0.380005	0.371421	0.177414
0.952607	0.872015	1.958408	0.379980	0.371414	0.177428
0.952707	0.872126	1.959442	0.379955	0.371408	0.177442
0.952807	0.872237	1.960475	0.379930	0.371401	0.177456
0.952907	0.872348	1.961510	0.379905	0.371395	0.177470
0.953007	0.872460	1.962550	0.379880	0.371388	0.177484
0.953107	0.872572	1.963591	0.379855	0.371382	0.177498
0.953207	0.872683	1.964634	0.379830	0.371375	0.177512
0.953307	0.872795	1.965678	0.379805	0.371368	0.177526
0.953407	0.872907	1.966726	0.379780	0.371362	0.177540
0.953507	0.873020	1.967774	0.379756	0.371355	0.177553
0.953607	0.873132	1.968825	0.379731	0.371349	0.177567
0.953707	0.873245	1.969879	0.379706	0.371342	0.177581
0.953807	0.873357	1.970935	0.379681	0.371336	0.177595
0.953907	0.873471	1.971994	0.379656	0.371329	0.177609
0.954007	0.873584	1.973054	0.379631	0.371322	0.177623
0.954107	0.873697	1.974116	0.379606	0.371316	0.177637
0.954207	0.873810	1.975180	0.379581	0.371309	0.177651
0.954307	0.873924	1.976247	0.379556	0.371303	0.177665
0.954407	0.874038	1.977317	0.379531	0.371296	0.177679
0.954507	0.874152	1.978387	0.379506	0.371290	0.177693
0.954607	0.874266	1.979461	0.379481	0.371283	0.177707
0.954707	0.874381	1.980539	0.379456	0.371276	0.177721
0.954807	0.874495	1.981616	0.379431	0.371270	0.177735
0.954907	0.874610	1.982696	0.379406	0.371263	0.177748
0.955007	0.874724	1.983778	0.379381	0.371257	0.177762
0.955107	0.874840	1.984865	0.379356	0.371250	0.177776
0.955207	0.874955	1.985952	0.379331	0.371243	0.177790
0.955307	0.875070	1.987041	0.379306	0.371237	0.177804
0.955407	0.875186	1.988134	0.379281	0.371230	0.177818
0.955507	0.875301	1.989228	0.379256	0.371224	0.177832
0.955607	0.875417	1.990324	0.379231	0.371217	0.177846
0.955707	0.875533	1.991423	0.379206	0.371210	0.177860
0.955807	0.875650	1.992527	0.379181	0.371204	0.177874
0.955907	0.875766	1.993630	0.379156	0.371197	0.177888
0.956007	0.875883	1.994736	0.379131	0.371190	0.177902
0.956107	0.876000	1.995845	0.379106	0.371184	0.177915
0.956208	0.876117	1.996957	0.379081	0.371177	0.177929
0.956308	0.876234	1.998071	0.379056	0.371170	0.177943
0.956408	0.876351	1.999188	0.379031	0.371164	0.177957
0.956508	0.876469	2.000306	0.379006	0.371157	0.177971
0.956608	0.876586	2.001427	0.378981	0.371151	0.177985
0.956708	0.876704	2.002551	0.378956	0.371144	0.177999
0.956808	0.876822	2.003676	0.378931	0.371137	0.178013
0.956908	0.876941	2.004807	0.378906	0.371131	0.178027
0.957008	0.877059	2.005937	0.378881	0.371124	0.178041
0.957108	0.877178	2.007072	0.378856	0.371117	0.178054
0.957208	0.877297	2.008208	0.378831	0.371111	0.178068
0.957308	0.877416	2.009346	0.378806	0.371104	0.178082
0.957408	0.877535	2.010488	0.378781	0.371097	0.178096
0.957508	0.877654	2.011631	0.378756	0.371091	0.178110
0.957608	0.877774	2.012779	0.378731	0.371084	0.178124
0.957708	0.877894	2.013928	0.378706	0.371077	0.178138
0.957808	0.878014	2.015080	0.378681	0.371070	0.178152
0.957908	0.878134	2.016235	0.378656	0.371064	0.178166
0.958008	0.878254	2.017391	0.378631	0.371057	0.178179
0.958108	0.878375	2.018552	0.378606	0.371050	0.178193
0.958208	0.878495	2.019714	0.378581	0.371044	0.178207
0.958308	0.878616	2.020879	0.378556	0.371037	0.178221
0.958408	0.878738	2.022047	0.378531	0.371030	0.178235
0.958508	0.878859	2.023219	0.378506	0.371024	0.178249
0.958608	0.878981	2.024392	0.378481	0.371017	0.178263
0.958708	0.879102	2.025567	0.378456	0.371010	0.178277
0.958808	0.879224	2.026745	0.378431	0.371003	0.178291
0.958908	0.879346	2.027929	0.378406	0.370997	0.178304
0.959008	0.879469	2.029112	0.378381	0.370990	0.178318
0.959108	0.879625	2.030571	0.378358	0.370981	0.178331
0.959208	0.879748	2.031765	0.378333	0.370974	0.178345
0.959308	0.879872	2.032960	0.378308	0.370968	0.178359
0.959408	0.879995	2.034160	0.378283	0.370961	0.178373
0.959508	0.880119	2.035363	0.378258	0.370954	0.178387
0.959608	0.880243	2.036567	0.378233	0.370947	0.178401
0.959708	0.880367	2.037777	0.378208	0.370941	0.178414
0.959808	0.880492	2.038987	0.378183	0.370934	0.178428
0.959908	0.880616	2.040201	0.378158	0.370927	0.178442
0.960008	0.880741	2.041418	0.378133	0.370920	0.178456
0.960108	0.880866	2.042637	0.378108	0.370913	0.178470
0.960208	0.880991	2.043860	0.378083	0.370907	0.178484
0.960308	0.881117	2.045087	0.378058	0.370900	0.178498
0.960408	0.881243	2.046315	0.378033	0.370893	0.178512
0.960508	0.881369	2.047548	0.378008	0.370886	0.178525
0.960608	0.881495	2.048782	0.377982	0.370879	0.178539
0.960708	0.881621	2.050020	0.377957	0.370873	0.178553
0.960808	0.881747	2.051261	0.377932	0.370866	0.178567
0.960908	0.881874	2.052506	0.377907	0.370859	0.178581
0.961008	0.882001	2.053752	0.377882	0.370852	0.178595
0.961108	0.882129	2.055005	0.377857	0.370845	0.178608
0.961208	0.882256	2.056257	0.377832	0.370839	0.178622
0.961308	0.882384	2.057514	0.377807	0.370832	0.178636
0.961408	0.882511	2.058774	0.377782	0.370825	0.178650
0.961508	0.882640	2.060039	0.377757	0.370818	0.178664
0.961608	0.882768	2.061304	0.377732	0.370811	0.178678
0.961708	0.882897	2.062574	0.377707	0.370804	0.178692
0.961808	0.883026	2.063848	0.377682	0.370797	0.178705
0.961908	0.883154	2.065124	0.377657	0.370791	0.178719
0.962008	0.883284	2.066404	0.377632	0.370784	0.178733
0.962108	0.883413	2.067687	0.377607	0.370777	0.178747
0.962209	0.883543	2.068973	0.377582	0.370770	0.178761
0.962309	0.883673	2.070263	0.377557	0.370763	0.178775
0.962409	0.883803	2.071556	0.377532	0.370756	0.178788
0.962509	0.883934	2.072852	0.377507	0.370749	0.178802
0.962609	0.884064	2.074153	0.377482	0.370743	0.178816
0.962709	0.884195	2.075457	0.377457	0.370736	0.178830
0.962809	0.884326	2.076762	0.377432	0.370729	0.178844
0.962909	0.884458	2.078075	0.377406	0.370722	0.178858
0.963009	0.884590	2.079387	0.377381	0.370715	0.178871
0.963109	0.884722	2.080704	0.377356	0.370708	0.178885
0.963209	0.884854	2.082026	0.377331	0.370701	0.178899
0.963309	0.884986	2.083350	0.377306	0.370694	0.178913
0.963409	0.885119	2.084679	0.377281	0.370687	0.178927
0.963509	0.885252	2.086011	0.377256	0.370681	0.178940
0.963609	0.885385	2.087346	0.377231	0.370674	0.178954
0.963709	0.885518	2.088685	0.377206	0.370667	0.178968
0.963809	0.885652	2.090027	0.377181	0.370660	0.178982
0.963909	0.885786	2.091373	0.377156	0.370653	0.178996
0.964009	0.885920	2.092722	0.377131	0.370646	0.179010
0.964109	0.886054	2.094077	0.377106	0.370639	0.179023
0.964209	0.886189	2.095434	0.377081	0.370632	0.179037
0.964309	0.886324	2.096795	0.377056	0.370625	0.179051
0.964409	0.886459	2.098160	0.377030	0.370618	0.179065
0.964509	0.886594	2.099528	0.377005	0.370611	0.179079
0.964609	0.886730	2.100900	0.376980	0.370604	0.179092
0.964709	0.886866	2.102278	0.376955	0.370597	0.179106
0.964809	0.887002	2.103659	0.376930	0.370590	0.179120
0.964909	0.887139	2.105041	0.376905	0.370583	0.179134
0.965009	0.887275	2.106429	0.376880	0.370576	0.179148
0.965109	0.887412	2.107821	0.376855	0.370569	0.179161
0.965209	0.887550	2.109218	0.376830	0.370562	0.179175
0.965309	0.887687	2.110617	0.376805	0.370556	0.179189
0.965409	0.887825	2.112022	0.376780	0.370549	0.179203
0.965509	0.887963	2.113431	0.376755	0.370542	0.179217
0.965609	0.888102	2.114843	0.376729	0.370535	0.179230
0.965709	0.888240	2.116259	0.376704	0.370528	0.179244
0.965809	0.888379	2.117679	0.376679	0.370521	0.179258
0.965909	0.888518	2.119104	0.376654	0.370514	0.179272
0.966009	0.888658	2.120533	0.376629	0.370507	0.179286
0.966109	0.888797	2.121964	0.376604	0.370500	0.179299
0.966209	0.888938	2.123403	0.376579	0.370493	0.179313
0.966309	0.889078	2.124844	0.376554	0.370486	0.179327
0.966409	0.889219	2.126290	0.376529	0.370479	0.179341
0.966509	0.889359	2.127738	0.376504	0.370472	0.179355
0.966609	0.889500	2.129193	0.376478	0.370464	0.179368
0.966709	0.889642	2.130651	0.376453	0.370457	0.179382
0.966809	0.889784	2.132115	0.376428	0.370450	0.179396
0.966909	0.889926	2.133581	0.376403	0.370443	0.179410
0.967009	0.890068	2.135054	0.376378	0.370436	0.179423
0.967109	0.890211	2.136529	0.376353	0.370429	0.179437
0.967209	0.890354	2.138012	0.376328	0.370422	0.179451
0.967309	0.890497	2.139498	0.376303	0.370415	0.179465
0.967409	0.890640	2.140985	0.376277	0.370408	0.179479
0.967509	0.890784	2.142481	0.376252	0.370401	0.179492
0.967609	0.890928	2.143980	0.376227	0.370394	0.179506
0.967709	0.891073	2.145485	0.376202	0.370387	0.179520
0.967809	0.891217	2.146992	0.376177	0.370380	0.179534
0.967909	0.891362	2.148506	0.376152	0.370373	0.179547
0.968009	0.891508	2.150023	0.376127	0.370366	0.179561
0.968109	0.891653	2.151545	0.376102	0.370359	0.179575
0.968210	0.891799	2.153074	0.376076	0.370351	0.179589
0.968310	0.891946	2.154605	0.376051	0.370344	0.179603
0.968410	0.892092	2.156141	0.376026	0.370337	0.179616
0.968510	0.892239	2.157683	0.376001	0.370330	0.179630
0.968610	0.892386	2.159232	0.375976	0.370323	0.179644
0.968710	0.892534	2.160782	0.375951	0.370316	0.179658
0.968810	0.892682	2.162340	0.375926	0.370309	0.179671
0.968910	0.892830	2.163902	0.375901	0.370302	0.179685
0.969010	0.892978	2.165469	0.375875	0.370295	0.179699
0.969110	0.893127	2.167039	0.375850	0.370288	0.179713
0.969210	0.893276	2.168617	0.375825	0.370280	0.179726
0.969310	0.893426	2.170199	0.375800	0.370273	0.179740
0.969410	0.893575	2.171787	0.375775	0.370266	0.179754
0.969510	0.893726	2.173381	0.375750	0.370259	0.179768
0.969610	0.893876	2.174977	0.375724	0.370252	0.179781
0.969710	0.894027	2.176581	0.375699	0.370245	0.179795
0.969810	0.894178	2.178192	0.375674	0.370237	0.179809
0.969910	0.894329	2.179804	0.375649	0.370230	0.179823
0.970010	0.894481	2.181423	0.375624	0.370223	0.179836
0.970110	0.894633	2.183048	0.375599	0.370216	0.179850
0.970210	0.894786	2.184681	0.375574	0.370209	0.179864
0.970310	0.894939	2.186316	0.375548	0.370202	0.179878
0.970410	0.895092	2.187957	0.375523	0.370194	0.179891
0.970510	0.895246	2.189606	0.375498	0.370187	0.179905
0.970610	0.895400	2.191259	0.375473	0.370180	0.179919
0.970710	0.895554	2.192916	0.375448	0.370173	0.179933
0.970810	0.895709	2.194580	0.375423	0.370166	0.179946
0.970910	0.895864	2.196252	0.375397	0.370158	0.179960
0.971010	0.896019	2.197927	0.375372	0.370151	0.179974
0.971110	0.896175	2.199610	0.375347	0.370144	0.179988
0.971210	0.896331	2.201298	0.375322	0.370137	0.180001
0.971310	0.896487	2.202990	0.375297	0.370130	0.180015
0.971410	0.896644	2.204690	0.375272	0.370122	0.180029
0.971510	0.896801	2.206397	0.375246	0.370115	0.180043
0.971610	0.896959	2.208109	0.375221	0.370108	0.180056
0.971710	0.897117	2.209827	0.375196	0.370101	0.180070
0.971810	0.897275	2.211549	0.375171	0.370093	0.180084
0.971910	0.897434	2.213281	0.375146	0.370086	0.180097
0.972010	0.897593	2.215016	0.375120	0.370079	0.180111
0.972110	0.897752	2.216759	0.375095	0.370072	0.180125
0.972210	0.897912	2.218509	0.375070	0.370064	0.180139
0.972310	0.898073	2.220266	0.375045	0.370057	0.180152
0.972410	0.898234	2.222030	0.375020	0.370050	0.180166
0.972510	0.898395	2.223798	0.374995	0.370043	0.180180
0.972610	0.898556	2.225573	0.374969	0.370035	0.180193
0.972710	0.898718	2.227357	0.374944	0.370028	0.180207
0.972810	0.898880	2.229144	0.374919	0.370021	0.180221
0.972910	0.899043	2.230938	0.374894	0.370013	0.180235
0.973010	0.899206	2.232741	0.374869	0.370006	0.180248
0.973110	0.899369	2.234552	0.374843	0.369999	0.180262
0.973210	0.899533	2.236370	0.374818	0.369992	0.180276
0.973310	0.899698	2.238192	0.374793	0.369984	0.180289
0.973410	0.899862	2.240020	0.374768	0.369977	0.180303
0.973510	0.900028	2.241858	0.374743	0.369970	0.180317
0.973610	0.900193	2.243703	0.374717	0.369962	0.180331
0.973710	0.900359	2.245555	0.374692	0.369955	0.180344
0.973810	0.900526	2.247415	0.374667	0.369948	0.180358
0.973910	0.900693	2.249281	0.374642	0.369940	0.180372
0.974010	0.900860	2.251153	0.374616	0.369933	0.180385
0.974110	0.901028	2.253033	0.374591	0.369925	0.180399
0.974211	0.901196	2.254923	0.374566	0.369918	0.180413
0.974311	0.901364	2.256818	0.374541	0.369911	0.180426
0.974411	0.901534	2.258723	0.374516	0.369903	0.180440
0.974511	0.901703	2.260635	0.374490	0.369896	0.180454
0.974611	0.901873	2.262554	0.374465	0.369889	0.180468
0.974711	0.902044	2.264481	0.374440	0.369881	0.180481
0.974811	0.902215	2.266416	0.374415	0.369874	0.180495
0.974911	0.902386	2.268359	0.374389	0.369866	0.180509
0.975011	0.902558	2.270309	0.374364	0.369859	0.180522
0.975111	0.902730	2.272268	0.374339	0.369852	0.180536
0.975211	0.902903	2.274235	0.374314	0.369844	0.180550
0.975311	0.903076	2.276212	0.374289	0.369837	0.180563
0.975411	0.903250	2.278195	0.374263	0.369829	0.180577
0.975511	0.903425	2.280188	0.374238	0.369822	0.180591
0.975611	0.903599	2.282187	0.374213	0.369815	0.180604
0.975711	0.903774	2.284197	0.374188	0.369807	0.180618
0.975811	0.903950	2.286215	0.374162	0.369800	0.180632
0.975911	0.904126	2.288240	0.374137	0.369792	0.180645
0.976011	0.904303	2.290276	0.374112	0.369785	0.180659
0.976111	0.904480	2.292321	0.374087	0.369777	0.180673
0.976211	0.904658	2.294372	0.374061	0.369770	0.180686
0.976311	0.904836	2.296434	0.374036	0.369762	0.180700
0.976411	0.905015	2.298508	0.374011	0.369755	0.180714
0.976511	0.905194	2.300586	0.373986	0.369747	0.180727
0.976611	0.905374	2.302675	0.373960	0.369740	0.180741
0.976711	0.905554	2.304775	0.373935	0.369732	0.180755
0.976811	0.905735	2.306882	0.373910	0.369725	0.180768
0.976911	0.905917	2.309004	0.373885	0.369717	0.180782
0.977011	0.906099	2.311130	0.373859	0.369710	0.180796
0.977111	0.906281	2.313266	0.373834	0.369702	0.180809
0.977211	0.906464	2.315415	0.373809	0.369695	0.180823
0.977311	0.906648	2.317574	0.373784	0.369687	0.180837
0.977411	0.906332	2.314508	0.373735	0.369701	0.180860
0.977511	0.906516	2.316672	0.373710	0.369694	0.180873
0.977611	0.906702	2.318850	0.373685	0.369686	0.180887
0.977711	0.906888	2.321038	0.373659	0.369679	0.180901
0.977811	0.907074	2.323236	0.373634	0.369671	0.180914
0.977911	0.907261	2.325443	0.373609	0.369663	0.180928
0.978011	0.907449	2.327661	0.373584	0.369656	0.180941
0.978111	0.907637	2.329888	0.373559	0.369648	0.180955
0.978211	0.907826	2.332130	0.373533	0.369640	0.180969
0.978311	0.908015	2.334379	0.373508	0.369633	0.180982
0.978411	0.908205	2.336642	0.373483	0.369625	0.180996
0.978511	0.908396	2.338914	0.373458	0.369618	0.181010
0.978611	0.908587	2.341197	0.373432	0.369610	0.181023
0.978711	0.908779	2.343494	0.373407	0.369602	0.181037
0.978811	0.908971	2.345799	0.373382	0.369595	0.181050
0.978911	0.909164	2.348119	0.373357	0.369587	0.181064
0.979011	0.909358	2.350449	0.373332	0.369579	0.181078
0.979111	0.909553	2.352791	0.373306	0.369571	0.181091
0.979211	0.909747	2.355143	0.373281	0.369564	0.181105
0.979311	0.909943	2.357511	0.373256	0.369556	0.181118
0.979411	0.910140	2.359890	0.373231	0.369548	0.181132
0.979511	0.910337	2.362280	0.373206	0.369541	0.181146
0.979611	0.910534	2.364684	0.373180	0.369533	0.181159
0.979711	0.910733	2.367098	0.373155	0.369525	0.181173
0.979811	0.910932	2.369528	0.373130	0.369517	0.181186
0.979911	0.911131	2.371969	0.373105	0.369510	0.181200
0.980011	0.911332	2.374422	0.373079	0.369502	0.181214
0.980111	0.911533	2.376890	0.373054	0.369494	0.181227
0.980211	0.911734	2.379370	0.373029	0.369486	0.181241
0.980312	0.911937	2.381864	0.373004	0.369479	0.181254
0.980412	0.912140	2.384375	0.372979	0.369471	0.181268
0.980512	0.912344	2.386895	0.372953	0.369463	0.181281
0.980612	0.912549	2.389433	0.372928	0.369455	0.181295
0.980712	0.912754	2.391982	0.372903	0.369447	0.181309
0.980812	0.912960	2.394546	0.372878	0.369440	0.181322
0.980912	0.913167	2.397125	0.372852	0.369432	0.181336
0.981012	0.913375	2.399720	0.372827	0.369424	0.181349
0.981112	0.913584	2.402328	0.372802	0.369416	0.181363
0.981212	0.913793	2.404953	0.372777	0.369408	0.181376
0.981312	0.914003	2.407588	0.372751	0.369401	0.181390
0.981412	0.914214	2.410246	0.372726	0.369393	0.181403
0.981512	0.914425	2.412912	0.372701	0.369385	0.181417
0.981612	0.914638	2.415598	0.372676	0.369377	0.181431
0.981712	0.914851	2.418299	0.372651	0.369369	0.181444
0.981812	0.915065	2.421016	0.372625	0.369361	0.181458
0.981912	0.915280	2.423750	0.372600	0.369353	0.181471
0.982012	0.915496	2.426504	0.372575	0.369345	0.181485
0.982112	0.915712	2.429271	0.372550	0.369338	0.181498
0.982212	0.915929	2.432046	0.372524	0.369330	0.181512
0.982312	0.916140	2.434759	0.372499	0.369322	0.181526
0.982412	0.916351	2.437489	0.372473	0.369314	0.181539
0.982512	0.916563	2.440231	0.372448	0.369307	0.181553
0.982612	0.916776	2.442987	0.372422	0.369299	0.181567
0.982712	0.916990	2.445762	0.372397	0.369291	0.181580
0.982812	0.917204	2.448552	0.372371	0.369284	0.181594
0.982912	0.917419	2.451358	0.372345	0.369276	0.181608
0.983012	0.917635	2.454183	0.372320	0.369268	0.181621
0.983112	0.917852	2.457020	0.372294	0.369261	0.181635
0.983212	0.918069	2.459879	0.372269	0.369253	0.181648
0.983312	0.918287	2.462752	0.372243	0.369245	0.181662
0.983412	0.918507	2.465644	0.372218	0.369238	0.181676
0.983512	0.918727	2.468556	0.372192	0.369230	0.181689
0.983612	0.918947	2.471479	0.372166	0.369222	0.181703
0.983712	0.919169	2.474424	0.372141	0.369215	0.181717
0.983812	0.919391	2.477387	0.372115	0.369207	0.181730
0.983912	0.919615	2.480369	0.372090	0.369199	0.181744
0.984012	0.919839	2.483373	0.372064	0.369191	0.181758
0.984112	0.920064	2.486392	0.372038	0.369184	0.181771
0.984212	0.920290	2.489428	0.372013	0.369176	0.181785
0.984312	0.920517	2.492485	0.371987	0.369168	0.181799
0.984412	0.920745	2.495566	0.371962	0.369161	0.181812
0.984512	0.920973	2.498664	0.371936	0.369153	0.181826
0.984612	0.921203	2.501785	0.371910	0.369145	0.181840
0.984712	0.921434	2.504922	0.371885	0.369137	0.181853
0.984812	0.921665	2.508080	0.371859	0.369130	0.181867
0.984912	0.921897	2.511261	0.371833	0.369122	0.181881
0.985012	0.922131	2.514463	0.371808	0.369114	0.181894
0.985112	0.922365	2.517690	0.371782	0.369106	0.181908
0.985212	0.922600	2.520935	0.371756	0.369098	0.181922
0.985312	0.922837	2.524203	0.371731	0.369091	0.181935
0.985412	0.923074	2.527495	0.371705	0.369083	0.181949
0.985512	0.923312	2.530809	0.371679	0.369075	0.181962
0.985612	0.923551	2.534144	0.371654	0.369067	0.181976
0.985712	0.923792	2.537507	0.371628	0.369059	0.181990
0.985812	0.924033	2.540893	0.371602	0.369052	0.182003
0.985912	0.924276	2.544301	0.371577	0.369044	0.182017
0.986012	0.924519	2.547738	0.371551	0.369036	0.182031
0.986112	0.924764	2.551192	0.371525	0.369028	0.182044
0.986212	0.925010	2.554681	0.371500	0.369020	0.182058
0.986313	0.925256	2.558190	0.371474	0.369012	0.182072
0.986413	0.925504	2.561723	0.371448	0.369005	0.182085
0.986513	0.925753	2.565289	0.371423	0.368997	0.182099
0.986613	0.926004	2.568880	0.371397	0.368989	0.182112
0.986713	0.926255	2.572501	0.371371	0.368981	0.182126
0.986813	0.926508	2.576146	0.371346	0.368973	0.182140
0.986913	0.926761	2.579818	0.371320	0.368965	0.182153
0.987013	0.927016	2.583525	0.371294	0.368957	0.182167
0.987113	0.927272	2.587253	0.371268	0.368949	0.182181
0.987213	0.927530	2.591016	0.371243	0.368942	0.182194
0.987313	0.927788	2.594806	0.371217	0.368934	0.182208
0.987413	0.928048	2.598635	0.371191	0.368926	0.182221
0.987513	0.928310	2.602488	0.371165	0.368918	0.182235
0.987613	0.928572	2.606377	0.371140	0.368910	0.182249
0.987713	0.928836	2.610291	0.371114	0.368902	0.182262
0.987813	0.929101	2.614244	0.371088	0.368894	0.182276
0.987913	0.929368	2.618232	0.371062	0.368886	0.182290
0.988013	0.929636	2.622253	0.371037	0.368878	0.182303
0.988113	0.929905	2.626307	0.371011	0.368870	0.182317
0.988213	0.930175	2.630394	0.370985	0.368862	0.182330
0.988313	0.930448	2.634521	0.370959	0.368854	0.182344
0.988413	0.930721	2.638687	0.370934	0.368846	0.182358
0.988513	0.930996	2.642882	0.370908	0.368838	0.182371
0.988613	0.931273	2.647125	0.370882	0.368830	0.182385
0.988713	0.931551	2.651401	0.370856	0.368822	0.182398
0.988813	0.931831	2.655713	0.370830	0.368814	0.182412
0.988913	0.932112	2.660071	0.370805	0.368806	0.182426
0.989013	0.932395	2.664471	0.370779	0.368798	0.182439
0.989113	0.932679	2.668913	0.370753	0.368790	0.182453
0.989213	0.932966	2.673397	0.370727	0.368782	0.182466
0.989313	0.933253	2.677921	0.370701	0.368774	0.182480
0.989413	0.933543	2.682490	0.370676	0.368766	0.182494
0.989513	0.933834	2.687105	0.370650	0.368758	0.182507
0.989613	0.934127	2.691773	0.370624	0.368750	0.182521
0.989713	0.934421	2.696475	0.370598	0.368742	0.182534
0.989813	0.934718	2.701233	0.370572	0.368733	0.182548
0.989913	0.935016	2.706047	0.370547	0.368725	0.182562
0.990013	0.935317	2.710904	0.370521	0.368717	0.182575
0.990113	0.935619	2.715810	0.370495	0.368709	0.182589
0.990213	0.935923	2.720776	0.370469	0.368701	0.182602
0.990313	0.936229	2.725790	0.370443	0.368693	0.182616
0.990413	0.936536	2.730856	0.370417	0.368685	0.182630
0.990513	0.936847	2.735991	0.370392	0.368676	0.182643
0.990613	0.937159	2.741177	0.370366	0.368668	0.182657
0.990713	0.937473	2.746414	0.370340	0.368660	0.182670
0.990813	0.937790	2.751725	0.370314	0.368652	0.182684
0.990913	0.938108	2.757085	0.370288	0.368644	0.182697
0.991013	0.938430	2.762522	0.370262	0.368635	0.182711
0.991113	0.938753	2.768017	0.370236	0.368627	0.182725
0.991213	0.939078	2.773577	0.370211	0.368619	0.182738
0.991313	0.939406	2.779205	0.370185	0.368611	0.182752
0.991413	0.939736	2.784908	0.370159	0.368602	0.182765
0.991513	0.940069	2.790683	0.370133	0.368594	0.182779
0.991613	0.940405	2.796529	0.370107	0.368586	0.182792
0.991713	0.940743	2.802447	0.370081	0.368578	0.182806
0.991813	0.941083	2.808448	0.370055	0.368569	0.182819
0.991913	0.941427	2.814529	0.370029	0.368561	0.182833
0.992013	0.941772	2.820688	0.370004	0.368553	0.182847
0.992113	0.941622	2.818407	0.369965	0.368556	0.182866
0.992213	0.941974	2.824691	0.369939	0.368548	0.182879
0.992314	0.942328	2.831054	0.369913	0.368540	0.182893
0.992414	0.942686	2.837512	0.369887	0.368531	0.182906
0.992514	0.943047	2.844076	0.369862	0.368523	0.182920
0.992614	0.943411	2.850727	0.369836	0.368514	0.182933
0.992714	0.943778	2.857470	0.369810	0.368506	0.182947
0.992814	0.944149	2.864333	0.369784	0.368497	0.182960
0.992914	0.944522	2.871284	0.369759	0.368489	0.182974
0.993014	0.944900	2.878355	0.369733	0.368480	0.182987
0.993114	0.945281	2.885543	0.369707	0.368471	0.183001
0.993214	0.945667	2.892853	0.369681	0.368463	0.183014
0.993314	0.946055	2.900263	0.369655	0.368454	0.183027
0.993414	0.946447	2.907813	0.369630	0.368446	0.183041
0.993514	0.946653	2.911926	0.369599	0.368441	0.183056
0.993614	0.947523	2.928551	0.369584	0.368422	0.183065
0.993714	0.947896	2.935943	0.369558	0.368414	0.183079
0.993814	0.948271	2.943415	0.369531	0.368406	0.183093
0.993914	0.948650	2.951011	0.369505	0.368398	0.183106
0.994014	0.949032	2.958730	0.369478	0.368390	0.183120
0.994114	0.949415	2.966544	0.369451	0.368383	0.183134
0.994214	0.949802	2.974473	0.369425	0.368375	0.183148
0.994314	0.950193	2.982540	0.369398	0.368367	0.183162
0.994414	0.950585	2.990706	0.369371	0.368359	0.183175
0.994514	0.950981	2.998999	0.369345	0.368351	0.183189
0.994614	0.951380	3.007437	0.369318	0.368343	0.183203
0.994714	0.951782	3.016000	0.369291	0.368335	0.183217
0.994814	0.952194	3.024834	0.369264	0.368327	0.183231
0.994914	0.952631	3.034267	0.369238	0.368319	0.183244
0.995014	0.953073	3.043901	0.369212	0.368310	0.183258
0.995114	0.953520	3.053730	0.369186	0.368302	0.183272
0.995214	0.953972	3.063775	0.369159	0.368294	0.183285
0.995314	0.954430	3.074031	0.369133	0.368285	0.183299
0.995414	0.954894	3.084532	0.369107	0.368277	0.183313
0.995514	0.955364	3.095260	0.369080	0.368268	0.183326
0.995614	0.955839	3.106232	0.369054	0.368260	0.183340
0.995714	0.956322	3.117483	0.369028	0.368251	0.183353
0.995814	0.956810	3.128998	0.369001	0.368243	0.183367
0.995914	0.957306	3.140806	0.368975	0.368234	0.183381
0.996014	0.957810	3.152951	0.368949	0.368226	0.183394
0.996114	0.958320	3.165386	0.368922	0.368217	0.183408
0.996214	0.958838	3.178172	0.368896	0.368209	0.183421
0.996314	0.959365	3.191331	0.368869	0.368200	0.183435
0.996414	0.959901	3.204877	0.368843	0.368191	0.183449
0.996514	0.960446	3.218823	0.368817	0.368183	0.183462
0.996614	0.960999	3.233192	0.368790	0.368174	0.183476
0.996714	0.961563	3.248032	0.368764	0.368165	0.183489
0.996814	0.962138	3.263390	0.368738	0.368157	0.183503
0.996914	0.962724	3.279259	0.368711	0.368148	0.183516
0.997014	0.963322	3.295702	0.368685	0.368139	0.183530
0.997114	0.963932	3.312771	0.368658	0.368130	0.183544
0.997214	0.964556	3.330507	0.368632	0.368122	0.183557
0.997314	0.965194	3.348943	0.368606	0.368113	0.183571
0.997414	0.965847	3.368188	0.368579	0.368104	0.183584
0.997514	0.966017	3.373482	0.368546	0.368102	0.183601
0.997614	0.966703	3.394170	0.368520	0.368093	0.183614
0.997714	0.967412	3.416000	0.368494	0.368083	0.183628
0.997814	0.968140	3.438862	0.368468	0.368074	0.183641
0.997914	0.968888	3.462911	0.368441	0.368065	0.183655
0.998014	0.969659	3.488310	0.368415	0.368056	0.183668
0.998114	0.970466	3.515585	0.368389	0.368046	0.183681
0.998214	0.971239	3.542393	0.368363	0.368038	0.183695
0.998314	0.972035	3.570777	0.368336	0.368029	0.183708
0.998415	0.972859	3.600999	0.368309	0.368020	0.183722
0.998515	0.973715	3.633365	0.368282	0.368011	0.183736
0.998615	0.974604	3.668094	0.368256	0.368002	0.183749
0.998715	0.975530	3.705556	0.368229	0.367993	0.183763
0.998815	0.976507	3.746604	0.368202	0.367984	0.183777
0.998915	0.977529	3.791412	0.368176	0.367975	0.183790
0.999015	0.978290	3.826198	0.368146	0.367969	0.183805
0.999115	0.979333	3.875767	0.368119	0.367960	0.183819
0.999215	0.980436	3.930958	0.368091	0.367952	0.183833
0.999315	0.982104	4.020401	0.368067	0.367940	0.183845
0.999415	0.983292	4.089447	0.368039	0.367932	0.183859
0.999515	0.984789	4.183694	0.368012	0.367923	0.183873
0.999615	0.986417	4.297249	0.367985	0.367914	0.183887
0.999715	0.988299	4.446793	0.367958	0.367905	0.183900
0.999815	0.990551	4.660995	0.367930	0.367896	0.183914
0.999915	0.993376	5.016604	0.367902	0.367888	0.183928
